1022
998
1030
1041
1426
1401
1429
1445
1812
1807
1835
1857
2230
2216
2270
2275
2626
2610
2667
2669
3048
3017
3085
3068
3445
3437
3495
3467
3844
3821
3923
3882
4281
4213
4341
4293
4693
4610
4741
4695
5098
5022
5147
5102
5530
5438
5567
5504
5939
5840
5969
5901
6345
6284
6384
6293
6770
6682
6788
6715
7077
7183
7175
7116
7579
7489
7578
7528
7981
7906
8001
7915
8374
8311
8328
8441
8775
8736
8839
8747
9167
9152
9225
9176
9565
9560
9637
9564
9975
9978
10025
9970
10387
10390
10443
10382
10805
10798
10832
10772
20703