476
487
492
496
710
729
756
745
936
941
990
983
1166
1168
1225
1211
1379
1412
1475
1459
1627
1661
1680
1703
1883
1884
1931
1922
2117
2125
2168
2160
2340
2357
2397
2401
2592
2587
2620
2636
2810
2842
2864
2880
3057
3072
3085
3108
3280
3300
3330
3339
3519
3536
3579
3572
3754
3766
3803
3824
3986
4003
4044
4034
4210
4242
4264
4296
4446
4462
4508
4510
4670
4700
4732
4747
4898
4950
4980
4936
5140
5179
5241
5207
5383
5388
5455
5445
5604
5689
5682
5683
5831
5928
5925
5925
6082
6142
6164
6185
6312
6372
6421
6448
6530
6628
6646
6677
6782
6856
6890
6917
7079
7062
7140
7156
7297
7323
7386
7379
7530
7523
7605
7645
7777
7772
7843
7874
8013
8001
8089
8112
8246
8258
8310
8329
8482
8487
8561
8578
8732
8725
8775
8825
8954
8995
9023
9039
9180
9231
9253
9290
9420
9351
9415
9367
9541
9388
9790
9760
9945
9382
9178
9189
9397
9407
9382
9399
10423
9547
10491
9737
9889
10399
10443
10421
10708
9559
9769
10839
10378
9914
9408
10512
10606
11618
11598
11664
11912
11544
10426
11555
10522
10393
9412
11749
9951
10459
10495
10861
11710
10423
10422
9884
10904
10488
11607
12692
12765
10439
12453
13049
13220
10495
10428
13079
11871
12443
12385
12497
12602
12439
11473
11782
13313
12372
12449
11352
14685
11572
12420
13459
14317
13047
12410
14052
13069
14687
13443
12994
13179
13068
14066
13039
13238
15343
15394
13629
13779
12623
13446
13070
13020
13038
13757
14544
14692
16385
16356
16543
13548
13608
15355
15179
15267
14743
14836
14500
14076
16367
16418
15016
15080
17512
16503
16719
14642
17843
16505
14774
16806
16532
16577
17791
16598
16674
17987
16683
17285
16702
18857
17314
17262
18997
16642
17642
17871
17636
17622
17747
18069
17284
17227
19585
17208
19805
17243
17562
19059
17401
17260
17616
17861
17681
17723
17856
17892
19113
19181
19671
20104
18295
19467
19539
19550
19691
19755
19558
18824
19899
18889
21590
19312
19250
21767
21754
19927
19572
19643
19655
19802
19749
22262
19954
19483
19504
21194
19895
21265
22504
22660
20278
20682
20652
23407
23409
23530
23543
23402
23534
23712
23845
23409
23620
23889
23737
23778
23753
23873
23874
23853
23908
24059
24042
24083
24106
24378
24460
24450
24353
24636
24699
24763
24695
24767
24817
24808
24602
24888
25037
24980
25034
25008
24969
25837
24788
26008
25519
25509
25482
25458
25483
25560
25757
24987
25844
25997
25860
26160
26127
25340
26132
25647
25667
26591
26588
25897
25894
25985
26054
26111
26133
24853
24901
25015
25038
25156
28021
27651
27538
27681
25488
25536
27898
27973
28774
27909
26564
27438
31877
32092
31920
31901
32377
32177
32264
32033
32023
32017
31875
32267
32273
32139
32366
32621
32642
32611
32549
32676
32869
32582
32743
32930
32811
32753
32839
33194
32608
33190
32671
32842
32830
32914
32988
33231
33260
33311
33218
33440
33401
33404
33359
33591
33823
33364
33506
33786
33667
33631
33671
34092
34122
34119
34141
34300
34376
34425
34507
34446
34725
39535