420
419
414
412
575
610
600
615
770
804
794
803
968
970
995
968
1144
1169
1178
1204
1339
1336
1354
1420
1519
1520
1540
1578
1725
1708
1743
1773
1903
1900
1916
1952
2072
2096
2093
2119
2271
2273
2287
2313
2442
2440
2471
2483
2642
2635
2640
2705
2790
2821
2814
2882
3007
2985
3021
3062
3176
3200
3206
3245
3383
3379
3379
3447
3549
3569
3568
3630
3749
3740
3750
3794
3923
3917
3933
3994
4102
4108
4106
4187
4282
4308
4293
4348
4478
4484
4480
4530
4655
4675
4671
391
386
408
396
4696
4828
4853
4865
4917
5041
5036
5027
1370
388
395
1421
5096
1386
409
389
402
1441
1431
427
417
1437
5221
5210
4067
5210
4059
4097
5272
5413
5391
5408
1390
1402
1418
5448
5570
5578
5595
1427
1433
1405
5652
4089
4064
4050
4089
5756
5750
5784
5868
1459
5950
5945
1427
1424
1422
5965
1399
1421
1415
1410
1438
1824
1896
4059
4070
4076
4071
6048
1949
6146
6130
6164
4086
1832
6236
6309
6322
6341
1851
4032
6426
6496
6472
4066
4051
4073
4017
4102
4066
4077
6556
4060
4063
4009
4070
6620
4130
4157
4136
6685
6695
6741
6796
6859
6873
4073
4093
6967
6966
6978
7063
7091
7097
4060
7141
4052
6992
4074
7337
7368
7432
4014
4034
4032
7432
7429
7452
7168
6967
4070
7497
7069
7394
4038
4073
7408
4125
4130
7088
7012
7502
7999
7044
8170
4051
4117
7114
4144
7983
4145
4122
7056
7367
7475
6975
7071
7076
7129
6982
8163
8325
6988
8398
7067
7099
7131
8088
7069
8185
7389
8135
8471
7486
7538
6999
9536
9498
7113
8452
9092
7469
9460
6995
7086
7120
8150
10038
10117
10133
10165
7444
7485
7541
8551
9472
8085
7141
10176
8066
7437
10889
8508
10903
10887
10824
10894
10899
10851
10884
10926
10851
10825
8089
8255
8319
8199
8099
8086
9299
8169
8280
7038
8173
8153
8272
8122
7079
10189
11076
11040
11030
11014
11050
11020
11039
8189
8048
7082
8337
10888
9496
9481
10906
10901
10850
10868
10886
10892
10919
10856
10946
10904
10909
10863
10926
10879
8107
8311
8287
8118
8176
8221
8210
8304
8143
8274
8259
8249
10832
8064
8079
11179
11017
11028
8114
9187
9959
7969
8060
10812
11443
7971
10031
8053
10671
11224
11020
11085
7970
11071
11049
11629
10000
10364
12283
10020
10041
11958
7987
9611
9987
10030
9993
10010
10060
10038
10375
10034
9466
10402
9974
10059
10984
10060
9025
10048
9072
9022
11248
9965
10070
10047
9985
10074
10104
9926
12541
10717
9964
9977
11090
10106
10087
12554
10600
10456
12687
10961
12551
13101
11315
10956
10807
10948
14158
14277
11230
12502
14049
14237
14307
13233
12639
11102
12037
12637
14844
14726
11084
14182
12151
14300
13100
12682
14223
15142
14128
12960
13086
15567
15573
12320
11897
15014
14072
14061
14799
14941
14874
14820
15317
15390
15095
14291
15205
15138
14735
14273
15371
15341
15562
15235
14085
14827
15762
14136
15157
14798
14930
14799
15397
15343
14253
15035
15039
15455
15152
14742
14806
15519
15499
15402
15678
16959
15156
15295
14217
14349
17599
17656
17142
17386
17371
15523
17872
14991
17204
17476
16982
17725
15016
16739
16875
16914
16966
17413
17275
17502
15412
17347
17154
17417
17276
17183
17240
17391
17380
16922
18599
17711
16834
17086
17482
17444
17530
18662
18646
16337
18732
16325
17771
16532
16373
16496
16559
16395
16468
19417
19353
17271
19547
19525
16549
19617
19701
19521
19822
19789
19584
19477
18845
19213
18696
18784
19027
18954
19111
18958
19203
18999
19142
19254
21779
21926
21934
21913
22096
22015
22151
22091
22222
22280
22428
22395
22475
22455
22638
21448
21508
21500
22409
22355
22337
22408
22405
22625
23115
23072
22497
23262
22530
22601
22535
22688
22354
22519
23514
23564
23692
21392
23681
23809
23904
23362
23355
23478
23629
23092
23084
21530
21515
22563
21500
23280
23933
23853
23783
23575
22488
23484
23570
23633
23296
23746
23708
23921
23883
23516
23626
23701
23214
23307
25293
23240
22521
23429
23392
23617
23681
22556
22565
25343
25374
23938
22467
22773
25504
23175
25564
25709
25723
23186
23313
23539
23048
23632
23084
26540
26461
26460
23223
23035
23470
23738
23377
23973
23649
23270
24051
23673
23663
24136
23158
23766
23330
23273
23960
24167
24038
23387
23441
23770
25749
23763
23905
24007
24057
24136
23896
24001
24033
25497
25625
25704
25845
28084
25723
25708
25704
28280
25750
25968
25755
25682
27965
28195
28069
28133
25643
25926
25753
25436
25755
28311
28302
28316
28262
29192
25765
28535
25799
29306
29325
28369
28114
29577
28192
29631
29926
29912
29973
29938
27679
29707
28028
29770
29732
29957
29930
29804
29908
28024
30433
30079
30432
28289
27919
27878
27868
27607
27616
27493
27580
27731
31220
31260
27866
31514
31626
31525
31626
31583
31905
31338
31383
31293
31462
31432
31418
31670
31743
31664
31732
31706
32799
32792
32750
32810
33039
33054
32956
33102
33254
33240
33168
33249
33427
33432
33447
33454
33647
33630
33616
33709
33151
33912
33382
33196
33350
33578
33368
33631
33589
33626
33614
33803
33845
33807
34053
33848
34209
42956
42902
42965
42956
42638
42586
43711
42772
42794
42781
42847
42980
42977
43017
42746
43177
43004
43122
43028
43335
43282
43335
43352
43493
43465
43470
43448
43747
43832
43691
43826
43956
43614
43657
43797
44008
43869
43898
43838
44058
43980
43979
44070
44210
44264
44259
44311
44473
44415
44429
44512
44855
44695
44621
44699
44865
44841
44974
44662
45011
44995
45035
44987
45236
45276
45199
45157
45406
45390
45346
45401
45512
45319
45487
45321
45524
45450
45493
45473
45605
45745
45675
45861
45960
45938
46083
45831
45556
45724
45560
45589
45750
45782
45859
45785
45892
46158
46084
46101
46122
46197
46308
45857
45850
46018
45904
45968
46225
46210
46293
46217
46337
46264
46436
46535
46638
46636
46810
46705
46702
46827
46930
46550
46820
46698
46794
46774
47040
47051
47158
47012
47235
47210
47374
47258
47322
47534
64633
64629
64777
64792
64770
64841
65186
65193
65044
65072
65223
65304
65284
65310
65400
65507
65671
65723
65622
65631
65790
70643