438
430
443
436
620
645
653
635
825
823
826
844
1008
1019
1012
1034
1208
1222
1220
1233
1392
1407
1410
1441
1610
1602
1625
1630
1792
1796
1818
1822
1982
1973
1991
2059
2181
2170
2201
2240
2376
2390
2405
2412
2578
2607
2585
2621
2784
2788
2798
2811
2966
2998
3016
3026
3179
3171
3196
3199
3385
3382
3390
3411
3567
3588
3580
3611
3753
3757
3771
3816
3961
3952
3973
4011
4158
4151
4196
4194
4337
4376
4363
4405
4540
4581
4565
4636
4727
4767
4748
4842
4942
4921
4943
5050
5168
5139
5163
5227
5345
5341
5360
5440
5530
5546
5558
5641
5752
5742
5752
5866
5961
5950
5948
6078
6141
6151
6161
6275
6360
6346
6358
6458
6566
6551
6591
6669
6756
6737
6763
6889
6946
6944
6975
7075
7133
7167
7153
7291
7368
7366
7377
7472
7551
7581
7570
7702
7737
7787
7786
7895
7939
7977
7967
8087
8144
8130
8144
8239
8278
8417
8399
8507
8607
8163
8140
8261
8245
8084
8107
8113
8611
8139
8115
8282
8281
9199
9232
9306
8629
9154
8518
8266
8258
9247
9166
9415
9408
8124
8528
9299
8698
9218
9188
8293
9133
10339
10092
10344
9351
9167
9223
9423
9134
10916
9420
10910
8132
10881
10757
10687
9117
11150
11365
9297
8122
9202
11366
10691
9186
10161
9613
9369
11387
11223
9306
10766
11224
10627
11403
9380
9624
12199
12400
9390
11234
10184
11754
12650
11234
10233
10440
11242
10396
11887
10804
12595
11234
12282
11783
10299
11244
11793
11338
12604
11627
11265
11830
12327
13862
12298
12038
11603
13342
13369
13457
11933
11252
13216
13459
12325
11671
12239
12351
13599
13852
12273
12603
11982
14032
15269
15411
15531
12560
15293
15438
15650
15706
13249
12513
15498
15345
15435
15340
15441
16128
14161
15400
15468
13786
13849
16287
16613
16074
16178
16006
16326
16356
14318
16456
16495
14259
16148
16171
16238
14254
16379
16745
16436
16339
16667
15375
15479
15324
16827
16092
16128
15298
15375
18000
16715
15350
15415
15517
15413
16063
15349
16794
16879
16369
16649
16724
16777
16250
16472
16426
16515
16232
16406
16384
16733
16540
18565
16413
16472
16637
16494
16759
18690
16698
18795
18698
18754
18414
18191
17657
17602
17451
17705
17648
17763
17925
20700
19616
17905
17708
17722
17988
17896
18397
18206
19595
18702
18284
19354
18358
19467
19574
20614
20658
20772
21280
21375
19403
21438
22076
22089
22116
22324
22120
21225
21289
22256
22141
22168
22242
22348
22499
22579
22538
22642
22788
22474
22570
22575
22578
22632
22676
22536
22623
22632
22724
22818
22861
23648
23771
22723
22612
22629
22782
22747
22857
22840
22955
22968
22929
23014
23164
23101
23107
23285
23189
23282
23457
23492
23527
23445
23260
23069
23384
23210
23330
23517
23644
23456
23627
24307
23150
23256
24368
24435
23950
23228
23297
23350
23527
23312
26434
23416
26545
24593
23619
25644
25635
32025
32010
32000
32032
32272
32153
32145
32260
32324
32357
32365
32474
32589
32656
32552
32091
32374
32500
32522
32425
32571
32594
32749
32733
33011
37141