8
24
26
29
30
32
33
33
37
38
39
41
42
45
47
47
49
51
51
55
70
75
75
77
78
80
82
85
85
87
88
91
92
93
95
98
99
100
103
104
123
125
127
128
130
132
147
148
151
153
155
157
156
158
161
179
181
183
184
187
189
189
189
193
194
196
198
215
218
220
236
237
238
240
242
243
244
245
245
247
247
248
248
248
251
251
252
253
252
253
255
256
257
257
258
259
260
273
276
277
278
279
280
281
282
283
283
284
286
286
287
288
289
290
290
291
294
293
295
296
298
298
298
300
301
302
303
304
305
305
307
308
309
310
310
312
314
315
316
317
318
319
319
322
321
322
324
325
326
327
328
330
331
331
332
334
334
335
335
337
338
339
340
341
342
342
344
346
346
347
349
349
351
352
353
355
356
358
359
360
362
362
364
365
367
368
368
370
371
372
373
374
390
391
392
393
395
395
396
398
399
401
402
403
405
406
406
406
409
409
410
427
429
429
431
432
433
434
434
436
437
438
440
440
442
444
444
444
447
448
449
450
450
453
454
455
456
458
458
459
460
461
463
464
464
465
467
468
469
470
471
473
473
474
475
476
477
479
480
480
483
485
485
487
488
490
490
492
491
491
494
495
497
497
498
499
501
501
503
504
505
506
507
508
511
510
512
514
515
517
517
518
518
521
522
522
525
525
527
542
542
542
545
547
546
547
549
548
551
552
554
555
556
558
559
562
563
564
564
567
568
569
569
569
572
574
574
576
575
576
577
578
580
581
582
583
585
586
587
588
589
589
590
592
593
594
595
595
598
598
599
601
600
604
605
606
608
607
611
611
612
614
627
628
631
632
635
636
636
637
641
641
643
644
645
645
646
647
649
650
650
653
654
656
657
671
673
674
674
676
677
677
680
681
683
683
684
687
688
689
690
691
693
694
695
696
698
699
714
715
717
718
717
720
721
722
724
737
741
741
743
744
746
746
749
750
750
766
768
770
771
773
772
775
790
793
794
795
796
798
799
801
801
803
803
805
805
807
808
808
810
811
812
827
828
828
830
832
832
834
834
835
839
855
867
868
870
870
871
873
874
874
876
877
879
880
881
881
896
898
913
914
916
917
918
921
921
923
924
924
925
925
927
928
928
930
930
933
935
949
951
953
953
956
957
958
959
959
961
961
963
964
962
965
966
967
968
969
986
988
988
989
987
987
988
989
989
986
987
988
988
984
985
985
987
986
990
970
970
972
985
986
984
985
985
985
972
973
968
970
983
979
981
982
983
984
963
964
965
962
962
963
965
962
962
959
960
961
960
957
959
960
959
961
958
960
960
970
972
974
974
975
960
960
956
957
958
959
959
957
957
973
966
930
937
939
935
936
938
938
938
954
955
956
958
957
974
961
962
942
944
944
941
942
943
943
943
946
941
944
946
947
948
943
944
946
945
946
927
930
931
931
928
928
959
939
940
941
942
943
944
957
954
955
956
956
956
951
950
952
953
953
950
951
967
952
1969
950
966
952
952
952
949
1980
951
952
951
953
1984
934
935
936
936
938
947
948
949
949
949
949
949
1611
1978
946
1996
949
981
946
946
948
949
1181
934
936
937
1955
940
935
947
948
949
945
946
947
947
948
928
930
1938
939
935
935
930
1948
2174
944
940
931
1937
933
950
950
952
942
942
939
939
1602
941
942
928
922
923
1952
925
905
905
906
902
1931
903
903
905
899
900
901
901
903
898
899
894
895
897
899
897
900
896
1904
892
909
894
894
894
2138
881
1884
898
1901
879
895
865
1095
866
1874
868
890
1529
848
849
851
852
1528
848
849
850
864
865
1900
862
1924
881
882
884
883
886
882
896
898
897
907
908
910
1141
917
902
1564
898
899
2572
880
881
882
881
882
2141
1916
885
880
881
2124
877
878
879
2550
884
874
1914
867
868
884
884
886
1899
1910
882
884
906
880
2114
902
876
877
1901
2132
880
880
876
1884
1901
889
863
865
860
1103
861
1864
868
858
859
860
1898
856
1893
863
1860
1882
1856
2864
1905
2131
1860
1871
1079
1845
1868
1884
2912
2913
1089
1519
1861
1872
1883
1895
2112
2542
1876
1064
1857
1816
1837
1791
2448
2448
1783
1800
2456
1770
1781
1792
1755
1772
1780
1747
1758
1770
2410
2405
1735
1746
1758
1774
1743
1755
1766
1730
3230
1694
1711
1719
1680
2343
1666
1635
1647
1658
1617
1628
1647
1661
3668
3669
3669
1642
1653
1665
3688
1619
1636
1647
3680
3660
1627
1592
1608
1619
3642
1605
1616
3630
3629
3631
3631
1597
1615
1568
1584
1601
3619
3620
3620
1587
3617
3596
1551
1563
1574
1583
1607
1561
1582
1541
1549
1527
1537
3557
3458
3396
3397
3398
3388
3389
3389
3390
3375
3313
3277
3278
3101
3091
3065
3060
3049
3050
3051
3049
3054
3049
3043
3034
7193