598
1121
1627
2133
2643
3165
3682
4207
4711
5206
5709
6208
6746
7257
7754
8257
8774
9262
9762
10298
10815
11326
11828
12345
12843
13342
13858
14355
14870
15360
15870
16389
16902
17393
17912
18410
18911
19406
19924
20438
20951
21470
21992
22496
23003
23500
24007
24519
25015
25522
26052
26540
27082
27573
28093
28583
29078
29583
30076
30574
31067
31557
32054
32560
33059
33549
34043
34560
35078
35608
36103
36632
37135
37646
38146
38658
39170
39669
40169
40684
41175
41672
42167
42670
43166
43664
44169
44663
45160
45667
46161
46671
47187
47694
48185
48714
49239
49758
50266
50758
60686