78
145
211
276
342
408
473
537
602
668
733
797
861
928
993
1058
1123
1189
1254
1318
1384
1449
1513
1577
1642
1706
1771
1835
1899
1964
2030
2094
2158
2223
2288
2352
2416
2482
2546
2611
2685
2750
2814
2879
2944
3007
3072
3137
3201
3262
3329
3394
3459
3522
3587
3652
3717
3812
3877
3941
4006
4071
4134
4199
4263
4327
4391
4456
4520
4585
4648
4713
4778
4842
4906
4971
5036
5100
5165
5230
1032
3243
5294
5359
5423
3232
3242
3252
5487
5552
3233
3247
5616
3228
5680
3252
5744
5808
5872
5936
6001
6065
6132
6197
3230
6261
6325
6389
6453
6516
6581
6646
6710
6775
6838
6902
6966
7030
7091
7158
7222
7285
7377
7441
7531
7594
7659
7723
7789
7853
7917
7981
8046
8110
8173
8238
8302
8366
8431
8494
8559
8623
8688
8751
8814
8878
8941
9004
8530
8540
8551
8561
7528
9068
9133
9197
9261
9325
9390
9453
9516
9581
9659
9729
9794
9796
9851
9802
9795
10022
9800
9843
9794
9847
10025
10530
9856
9798
9843
10807
9796
7440
10075
10467
9793
10819
11006
10804
10071
10646
10044
10499
10491
11488
9879
10489
11535
10113
10612
10522
9926
10607
11083
10086
11487
9823
11461
11060
11843
11845
11043
13068
13282
11809
9880
11845
12278
10564
10484
13042
13044
10488
13671
11036
10823
13032
11031
13742
13662
13664
13294
14286
14277
12381
13053
11369
14277
14275
14266
14123
14113
13110
13656
13668
12281
13282
14348
14338
14328
14185
14176
13684
11801
14463
12812
13659
13660
12809
13273
13640
14297
13646
12805
13805
12924
13007
13686
13944
14240
13845
13825
13940
13245
14479
12972
13681
16497
16467
16477
13777
13604
13791
13776
13714
16238
13755
13849
16244
13863
16073
17324
14332
14270
14260
14251
14169
16336
16347
16358
14119
14109
14858
14725
14715
14704
16851
16861
16871
13847
14517
17084
16448
17005
16831
17141
17297
17134
17711
17098
17162
17685
17158
15711
15766
16149
17070
17154
17793
18450
16975
17225
17898
17322
17060
16209
17146
17199
17676
17761
16930
17849
17703
17163
17989
19653
19746
19830
19423
17740
16902
17089
20363
18415
17104
17189
19900
19934
17595
17628
18430
17952
19358
19442
19526
19609
18091
18170
18269
18352
18497
19834
19896
19959
20023
20261
19646
19730
19394
19940
19959
20130
19424
19517
19634
19718
22789
22872
22957
23081
23012
23096
23181
23480
22568
22634
22698
22690
21747
22828
22780
22843
24125
24188
24251
23936
22482
22566
22693
23117
23079
22813
22661
23055
22646
23749
23812
23875
24717
24741
24804
24867
24798
24863
23293
23377
23379
23627
23690
25038
25103
25136
25221
26082
25388
25453
25168
25231
25295
25317
24885
31754
31531
31614
31421
31515
31578
31673
30799
30709
30772
30836
30837
30921
30820
31120
31184
31032
31856
31138
31150
30864
31492
31577
31662
31828
31635
31656
31360
32080
32112
31509
31623
31707
31811
31794
31815
32721
35185
32723
32807
32932
33016
33099
33531
33614
33699
33998
36082
35295
34064
34147
34230
34355
34439
34522
34605
34689
34814
34898
34983
38694