7
47
43
39
35
28
26
22
18
14
11
7
47
45
41
36
29
28
24
21
17
13
10
49
47
42
39
29
31
27
24
20
16
13
9
50
46
42
39
34
31
28
24
20
16
12
9
48
46
42
39
29
31
27
22
18
14
11
7
44
41
37
33
27
24
19
15
12
7
43
40
36
31
27
23
18
14
10
48
44
39
35
26
26
22
18
13
10
46
43
39
34
26
25
21
18
13
9
48
44
39
35
27
27
23
19
15
10
7
45
41
37
33
27
24
20
15
12
8
45
41
36
33
24
21
18
14
11
49
58
55
50
45
42
37
35
32
29
24
19
15
11
7
45
42
37
32
26
24
21
17
12
8
46
42
38
33
26
38
48
43
38
34
31
27
22
18
14
10
47
44
40
34
25
40
35
31
27
22
18
14
11
6
44
41
36
32
27
24
20
16
11
22
19
15
10
7
45
42
37
33
26
39
34
29
25
21
18
28
24
20
15
12
8
21
16
12
8
46
41
36
31
24
22
18
14
10
48
45
40
35
25
26
22
18
13
9
47
44
39
35
26
24
20
16
12
8
46
43
39
33
25
25
20
16
12
9
53
48
45
40
30
29
24
20
16
13
7
45
42
37
33
27
24
20
16
12
7
17
13
8
46
43
38
34
27
25
21
18
13
9
48
45
53
49
40
42
38
33
30
25
21
17
13
10
47
44
40
35
27
26
22
18
14
10
7
45
41
37
33
27
24
20
15
11
7
45
41
37
33
28
25
21
16
27
23
19
14
10
48
45
40
36
27
28
24
20
16
12
21
17
12
8
47
44
40
35
27
25
21
18
13
9
22
19
13
10
48
45
40
36
27
27
23
19
15
11
7
45
42
37
32
26
24
19
15
12
8
45
42
38
33
28
25
21
18
13
10
49
59
54
50
46
42
38
34
29
25
21
18
14
10
48
45
41
36
28
29
24
20
16
12
9
47
44
40
35
27
26
22
19
13
10
48
45
40
36
32
27
23
20
16
11
7
46
43
39
35
28
25
21
16
12
8
46
42
38
34
27
24
20
15
11
8
47
44
38
34
26
25
21
18
14
9
19
15
11
7
45
42
37
33
27
24
20
15
12
8
19
15
11
7
46
43
39
35
28
26
21
17
5167