39
67
93
121
149
176
202
230
257
285
313
339
366
394
421
448
478
504
532
559
589
615
642
669
697
723
750
777
806
834
859
886
915
942
968
995
1023
1051
1081
1107
1135
1162
1190
1218
1245
1273
1300
1327
1354
1381
1407
1434
1461
1486
1513
1540
1570
1595
1622
1649
1676
1703
1729
1755
1782
1809
1835
1862
1889
1916
1939
1968
1995
2022
2049
2075
2102
2129
2162
2187
2214
2241
2268
2294
2321
2348
2375
2403
2429
2456
2482
2509
2534
2561
2588
2614
2640
2666
2693
2730
2756
2783
2809
2836
2863
2889
2916
2943
2970
2996
3023
3055
3081
3107
3131
3159
3186
3216
3242
3269
3296
3319
3347
3375
3403
3430
3456
3483
3510
3537
3564
3589
3617
3646
3673
3699
3726
3755
3782
3807
3834
3861
3888
3911
3939
3966
3992
4019
4046
4072
4099
4125
4152
4179
4205
4233
4259
4286
4313
4340
4366
4393
4420
4446
4473
4499
4526
4553
4579
4606
4632
4659
4686
4712
4740
4767
4791
4819
4854
4829
4855
4829
4856
4842
4869
4845
4850
4907
4873
4838
4877
4852
4889
4916
4859
4886
5111
4891
4948
4891
4917
5129
5576
4924
5115
4916
4912
5903
5138
4960
5900
5947
5184
5002
5148
5584
5919
5967
4968
6060
4958
5630
4919
5151
5946
5244
4953
4958
6142
5953
5140
4958
6296
5594
5937
5985
4975
5032
5591
4952
5922
4944
6949
5140
4947
5592
5548
4945
6933
6101
7488
6644
6601
4993
5009
6097
6629
4987
5961
4988
6967
6306
5768
5617
6620
6226
5956
6085
6635
6620
8237
6191
6976
5281
8193
6176
6482
5952
5925
5972
5608
5614
6206
6645
5672
5976
8190
8175
6640
6513
6963
6185
5954
8385
5975
6167
9253
7003
6648
6665
6671
6676
8256
7008
8206
9043
8867
6664
9000
9008
7000
7509
7775
8426
8986
8003
8250
8942
8579
9056
7601
9067
8521
7579
8923
8263
8059
9122
8221
8269
8462
9312
8062
9323
8463
7686
9082
9765
9136
8378
9956
9921
9147
8338
8313
8318
9836
8349
9120
8334
8524
11499
11586
9002
9049
9188
9130
11149
11216
11652
9171
9023
9027
9177
9184
9231
9441
9221
12061
9158
11200
11226
9453
12541
12567
11688
11260
12736
12783
12521
12635
12091
9936
11600
11646
11693
12551
12679
11977
13235
12705
12752
12798
12640
11916
13112
13744
14847
14205
14251
13908
14170
14781
14714
15796
14849
14905
15616
15644
14439
14487
15558
14364
14411
14458
14504
14550
15509
15504
16187
16285
16331
15617
14420
14857
14914
14961
16268
15064
14578
14695
14722
14717
15164
14418
14464
15612
14650
15448
14620
14800
14769
14285
15661
14875
15003
14608
15199
15444
15469
14774
17511
14621
15006
15502
15530
14735
14782
14849
14787
15437
15506
15593
14971
17330
17355
15470
15536
17977
17152
16037
16084
16069
18107
17652
17606
17131
18192
17807
17680
17706
17733
17564
17591
16888
17654
17484
17511
17527
17552
17261
17288
17313
17340
17366
17393
17418
17443
17470
17496
21419