2090
2263
2449
2388
4192
4397
4442
4440
6273
6485
6516
6427
8416
8504
8541
8497
10605
10611
10570
10617
12630
12600
12700
12722
14685
14630
14742
14701
16718
16649
16775
16778
18715
18725
18806
18888
20802
20702
20866
20974
22709
22948
22928
22955
24830
25074
24976
24940
26983
27020
26956
26930
29150
29057
28971
29026
31065
31010
31275
30990
33167
33091
33088
33049
35087
35279
35078
35278
37290
37253
37231
37277
39325
39271
39272
39331
41319
41257
41349
41308
43233
43424
43364
43335
45389
45294
45349
45415
47276
47318
47534
47450
49423
49343
49654
49461
51482
51480
51350
51467
61294