117
135
132
159
221
244
235
259
334
345
350
363
431
453
445
460
531
562
556
577
648
652
664
678
750
767
762
776
850
866
860
879
952
971
963
981
1047
1072
1066
1086
1162
1185
1178
1198
1283
1302
1293
1320
1405
1410
1416
1435
1519
1526
1526
1545
1625
1643
1633
1650
1733
1741
1748
1770
1846
1848
1843
1874
1951
1954
1954
1977
2048
2052
2060
2080
2145
2164
2162
2184
2244
2266
2268
2284
2368
2370
2376
2392
2467
2468
2476
2498
2579
2576
2575
2608
2682
2683
2675
2698
2774
2780
2773
2806
2884
2877
2888
2918
2991
2980
2992
3020
3086
3101
3090
3114
3180
3183
3194
3213
3289
3289
3309
3329
3393
3391
3405
3433
3499
3496
3512
3537
3605
3618
3615
3646
3710
3709
3724
3742
3821
3812
3823
3852
3919
3924
3917
3945
4023
4018
4032
4051
4121
4129
4134
4154
4224
4230
4224
4249
4316
4342
4341
4363
4425
4446
4438
4462
4535
4535
4549
4564
4646
4646
4644
4670
4737
4750
4747
4778
4853
4809
4792
4839
4880
4788
4885
4807
4864
4785
4883
4807
4884
4776
4802
4797
4874
4789
5026
4787
4883
4818
4804
5076
4908
5030
4823
4835
4908
5833
5054
4865
5517
5049
4807
4855
5989
6051
5852
5538
5520
5129
4822
4831
4929
5045
4814
4821
5907
5042
5563
4823
4912
5838
6570
4821
5495
4879
4902
4829
5187
4817
4814
4818
5153
4816
4826
6837
6914
4822
4815
4820
5529
4814
4826
4823
6062
7392
5061
6440
7364
6832
5041
4820
5817
6490
4792
7946
7943
8037
5030
5514
8112
8072
5795
5832
6528
8043
6045
6083
6900
8036
6019
6047
8328
5816
6829
5847
6351
6474
5832
5812
8896
8044
7803
6820
5906
8865
7946
5832
6502
7952
7821
8816
8348
8045
8260
8250
8088
8237
8651
6511
8757
6504
7984
7933
8107
7819
7808
7821
8747
9486
8623
8624
7900
7836
8034
8803
8906
8826
8952
8205
7914
8215
7768
7816
7866
8796
7775
8818
7435
8665
9511
7867
8048
7752
8788
7822
8047
7961
8217
8075
7853
7962
9374
9049
9111
8555
8585
8667
8876
8141
8153
8578
8765
8550
8575
11124
9452
8737
8753
8785
11462
10768
11536
11675
11724
11759
11926
8816
8862
10761
9670
9686
11834
11872
11932
9130
12070
11240
11278
11764
11820
9569
11943
11955
11989
12002
12120
12138
12162
12224
12344
12388
11508
11717
11768
11820
11942
11997
12065
12101
12152
12178
12277
11834
11860
11997
12031
12052
11568
11844
11895
11911
11918
12025
12170
12185
11880
12250
12283
12375
11310
11673
11737
11779
11832
11883
11894
11265
11802
11843
11867
11944
12700
11989
12914
14318
12135
12189
11980
12003
11908
12116
12137
11429
11470
11521
11664
11728
11769
11820
11844
14151
12711
12738
15161
13029
13089
14259
15524
15550
15588
15592
15635
15642
15666
15680
14408
15713
15718
15717
14940
15583
15612
15611
15597
15697
15617
15713
15625
15726
15746
15736
15717
15613
15605
15600
15637
15629
20287