7
18
17
12
7
18
9
22
15
16
12
18
15
21
27
21
17
28
16
22
17
16
20
20
30
24
25
24
26
28
33
28
24
23
34
28
21
34
29
19
28
26
34
30
23
36
31
29
30
31
29
35
23
39
35
32
22
35
37
29
40
40
35
39
36
39
40
39
43
38
36
42
42
39
40
36
35
37
36
40
41
47
46
43
43
49
39
46
45
50
40
49
45
35
47
51
43
52
36
56
40
52
54
45
44
49
47
53
51
43
51
46
45
57
54
50
49
46
54
49
42
59
54
60
45
56
61
56
54
47
64
61
60
59
49
55
63
49
60
58
61
58
55
62
59
66
57
65
68
62
63
61
58
65
62
68
64
70
62
68
62
65
66
71
68
64
72
67
63
73
60
59
75
67
61
63
75
72
70
69
79
68
74
75
70
77
79
73
80
70
68
80
81
72
68
74
78
81
76
83
78
75
86
81
75
86
80
79
80
77
84
74
86
84
80
90
83
93
89
87
88
89
92
90
93
92
88
82
93
94
94
90
84
91
97
96
91
94
91
88
97
99
94
98
96
91
98
90
95
102
98
96
100
97
93
98
96
103
94
88
96
99
100
96
105
97
109
98
102
107
98
104
108
102
100
111
107
95
108
103
113
91
111
108
104
106
98
115
110
114
110
106
115
112
100
108
114
103
111
118
108
117
115
111
107
105
113
121
118
118
117
109
113
120
110
118
118
117
108
115
123
117
120
122
123
125
112
128
123
126
120
127
118
125
123
125
128
128
118
129
125
117
125
126
121
130
133
129
119
134
127
124
130
126
124
134
134
128
128
126
126
129
135
131
131
137
140
135
133
133
139
131
135
124
140
138
140
140
136
133
130
138
138
137
136
136
139
136
140
145
140
138
138
145
142
138
141
145
137
144
146
142
148
135
144
153
148
143
138
150
147
142
141
150
148
144
150
148
154
145
155
139
155
152
147
156
152
150
146
157
153
149
156
156
155
150
151
155
161
152
151
154
161
153
163
148
154
165
160
158
155
166
164
159
155
167
164
155
167
153
165
160
163
153
168
164
161
162
158
161
167
160
172
160
172
167
156
167
172
166
171
163
170
173
168
173
165
171
177
178
168
173
163
172
168
185
179
170
181
176
166
177
171
177
180
180
175
185
182
178
175
185
180
169
185
182
185
174
185
181
174
181
178
190
186
182
178
190
176
184
192
181
177
190
186
190
187
187
193
188
194
190
195
187
194
190
195
191
190
179
192
199
198
192
198
198
194
194
200
192
198
196
201
199
196
201
196
198
195
193
199
197
203
198
205
189
201
196
200
204
200
207
202
202
207
209
206
202
208
208
205
204
210
202
207
210
204
211
202
211
215
204
214
212
201
208
215
209
208
216
212
211
209
207
212
213
204
216
213
218
214
220
209
217
215
222
211
218
215
218
213
221
211
222
217
210
216
219
215
226
227
221
215
223
223
220
216
211
225
221
218
226
222
223
219
224
218
224
231
216
225
231
221
227
219
227
233
226
234
235
230
231
227
233
220
236
230
235
233
230
229
236
225
228
231
237
237
233
230
240
239
234
233
239
234
240
233
223
235
232
235
241
233
240
242
241
231
244
238
245
235
241
238
245
232
243
240
247
235
245
239
247
242
248
246
245
239
247
251
247
250
245
249
247
237
252
249
242
249
241
250
240
251
255
250
246
258
246
254
260
249
255
254
255
250
260
258
249
249
260
252
263
263
262
255
261
252
253
263
255
260
265
257
267
257
261
266
260
256
267
263
258
268
266
264
270
261
267
265
267
263
270
261
267
272
272
273
267
264
274
261
276
265
276
267
275
261
274
275
272
273
278
274
273
279
271
269
270
276
273
280
274
282
271
277
282
271
284
278
281
280
276
284
284
278
287
278
285
285
282
277
286
285
281
277
275
282
279
291
285
287
286
282
276
290
282
284
289
287
284
290
293
288
294
285
281
295
295
287
285
301
296
296
291
298
296
288
297
303
288
295
303
299
297
290
297
305
303
297
300
301
299
305
306
292
310
307
303
310
308
302
307
310
312
308
315
314
311
304
310
306
305
316
323
311
317
324
310
323
319
315
311
325
321
317
314
323
330
320
318
328
326
321
318
334
324
320
330
333
329
327
322
330
326
338
321
335
332
328
324
332
328
340
325
339
334
331
327
338
336
332
328
344
339
335
342
341
341
346
341
335
341
333
349
342
335
349
343
343
348
344
341
349
339
342
351
346
338
350
355
344
348
342
351
353
347
344
355
346
343
5571