269
282
294
291
515
538
553
545
779
796
804
814
1031
1041
1069
1059
1283
1301
1312
1327
1543
1563
1567
1584
1802
1817
1826
1836
2051
2072
2091
2082
2309
2327
2332
2349
2564
2579
2583
2597
2821
2837
2852
2850
3079
3096
3114
3106
3333
3341
3371
3362
3591
3596
3621
3617
3847
3861
3872
3865
4101
4119
4134
4126
4354
4374
4391
4385
4609
4629
4634
4646
4854
4882
4904
4907
5122
5127
5154
5156
5364
5381
5406
5411
5625
5642
5662
5663
5873
5894
5906
5921
6134
6138
6165
6169
6381
6396
6422
6427
6642
6653
6673
6684
6883
6900
6922
6943
7149
7161
7180
7179
7414
7420
7441
7443
7652
7661
7688
7689
7909
7918
7948
7946
8160
8167
8183
8197
8409
8425
8452
8446
8677
8673
8719
8709
8919
8941
8953
8969
9170
9193
9209
9227
9429
9441
9476
9469
9694
9692
9727
9724
9949
9755
9770
9996
9984
9749
9768
9778
7394
9988
9758
8672
10042
9750
9966
9763
10010
9774
10254
9757
9788
10813
11038
11064
10773
9751
10984
9747
9727
11086
9955
9749
9989
9749
10983
9738
9747
10060
11001
9737
9766
9726
10968
9723
9764
10796
11001
9964
12970
10787
9965
10983
11637
10725
10967
12943
10969
12221
12469
12969
10975
10790
11621
11570
13598
13846
14188
12774
13196
14520
13847
12746
13603
12973
13602
13662
13590
12938
13550
12735
13616
13182
12951
13979
13972
14190
13587
13616
12739
14666
14656
12950
12740
13629
13619
12948
13557
14153
14026
13723
13946
14449
14849
14861
14851
14789
14811
14801
13787
14146
13921
13963
14143
14461
13598
13968
14295
14148
13944
13961
14012
14156
16641
16673
16729
16918
14464
17013
16518
17701
16998
16446
14839
17833
16933
14832
18000
16472
16753
16835
16886
16896
17842
18015
17776
17785
17824
18000
17006
17853
15750
15922
18447
18473
18584
18844
18445
18471
18745
18922
18487
17486
16521
17723
19774
19782
19791
19990
19731
19773
17081
17288
17809
17817
19715
19898
17852
20393
19719
19930
20341
20465
19769
20088
18443
18466
20289
20455
18517
19754
19838
20008
19219
19218
19252
19415
19340
19365
19434
19618
19809
19828
19894
20088
19849
19868
19926
20114
20179
22716
22770
22548
22598
22627
22687
22915
22625
22692
22746
22934
23054
23083
23149
23325
23397
23420
24669
24836
24876
24882
24921
25100
25096
25129
25188
25368
25389
25352
23854
25175
25203
25223
24830
24990
25901
25917
25485
25681
25731
25754
25808
25948
26456
26504
23322
25055
25104
25268
25234
25309
25422
25462
26708
24828
24861
24899
25017
25025
25088
25178
25165
28769
27759
28812
27748
30596
29021
29031
28876
31146
29129
29132
30045
30062
30617
30629
30659
30657
30880
30871
30912
31416
30206
32228
32355
32366
32608
32652
32729
32718
32972
32985
33042
33062
33306
33338
33428
33450
32018
32044
31727
31742
31987
32035
32094
32110
32363
32354
32430
32456
32728
32750
32815
32841
32628
32638
32698
32718
32961
32980
33026
33064
33291
33326
32687
32718
32949
32963
33019
33099
33320
33335
33502
33530
33759
32973
33002
33014
38108