2113
2401
2494
2536
4238
4459
4553
4581
6282
6509
6592
6629
8343
8562
8650
8736
10434
10628
10726
10821
12510
12723
12807
12903
14595
14675
14767
14860
16552
16641
16729
16821
18513
18593
18692
18785
20468
20553
20643
20737
22418
22514
22609
22700
24380
24588
24686
24778
26465
26669
26768
26850
28552
28746
28846
29003
30722
30919
31026
31157
32857
33058
33158
33299
34979
35003
35120
35260
36951
36972
37075
37212
38906
38929
39029
39236
40945
40961
41065
41281
42974
42992
43096
43306
45005
44970
45074
45284
46986
46942
47049
47265
48964
48929
49033
49245
50943
50889
50892
50875
