600
1097
1596
2096
2596
3096
3595
4093
4592
5087
5586
6090
6587
7087
7584
8079
8571
9059
9551
10059
10549
11047
11555
12050
12555
13045
13533
14021
14515
15022
15512
16011
16518
17020
17525
18033
18539
19047
19540
20032
20527
21027
21534
22041
22545
23035
23537
24026
24517
25025
25533
26032
26540
27042
27548
28051
28559
29067
29557
30044
30540
31037
31545
32039
32531
33019
33523
34013
34506
34994
35500
36000
36499
37003
37509
37999
38503
38991
39485
39975
40470
40972
41469
41968
42475
42968
43474
43971
44468
44961
45469
45970
46478
46981
47488
47996
48499
48997
49490
49998
59924