7
7
7
7
8
8
8
8
9
9
8
8
9
9
10
9
9
9
9
9
10
9
9
9
9
9
10
9
9
9
9
9
10
9
10
9
11
12
12
11
11
12
12
11
11
11
11
11
11
11
11
12
12
12
11
11
11
11
12
11
11
12
12
12
11
11
11
11
11
11
11
12
11
12
11
11
11
12
12
11
11
11
11
12
11
11
12
12
12
12
12
12
12
12
11
12
12
12
13
13
12
12
13
13
13
12
12
13
13
13
13
12
12
13
13
12
13
13
13
14
13
13
13
13
13
13
13
13
13
13
12
13
13
13
14
13
12
13
13
13
13
13
13
13
13
12
13
13
13
14
13
13
13
13
13
13
13
13
13
13
12
13
13
13
14
13
13
13
13
13
13
13
13
14
14
13
14
14
14
14
13
14
14
14
14
14
14
15
14
14
15
15
17
17
16
17
17
17
17
17
17
17
17
18
32
33
32
32
33
32
31
33
33
33
33
33
33
34
46
46
46
46
62
61
75
75
72
75
75
75
75
74
74
74
74
74
74
74
75
75
76
77
76
77
93
94
97
96
113
114
115
116
131
134
135
136
152
153
153
153
155
152
155
155
157
158
159
158
160
160
177
179
178
181
182
183
183
178
182
186
186
187
188
188
188
190
192
191
191
191
194
194
194
195
196
197
197
197
199
200
201
202
202
203
203
204
204
205
205
207
208
208
207
206
206
207
207
207
207
207
206
205
206
206
206
206
206
206
204
204
204
205
205
204
205
205
204
204
204
205
204
205
204
204
203
204
203
202
204
204
204
203
204
203
204
204
204
204
203
203
204
204
204
204
204
204
205
205
204
205
205
205
205
204
204
205
205
205
204
205
205
205
205
204
204
205
204
204
204
204
204
205
205
204
204
205
205
205
204
204
204
205
204
204
204
204
203
203
204
204
204
203
204
204
204
204
203
204
204
204
205
204
204
204
204
205
204
204
204
205
205
204
204
204
204
205
204
204
204
204
204
204
205
205
205
205
204
204
205
205
205
204
204
204
204
204
204
204
204
204
204
203
204
204
204
204
203
204
204
204
204
203
203
204
204
204
204
204
204
204
204
203
204
204
204
204
203
204
204
204
205
204
204
204
204
204
204
204
204
204
204
204
204
204
204
204
203
204
215
215
215
215
215
215
215
215
214
215
215
215
215
214
214
214
215
215
214
215
215
215
215
214
214
215
215
215
215
215
214
215
215
214
215
215
215
215
214
214
215
215
214
214
214
214
214
214
214
215
215
214
215
215
215
215
215
215
215
214
215
214
214
215
215
215
215
215
215
216
216
215
216
216
216
216
215
215
216
216
216
215
215
215
215
216
215
215
215
216
216
215
216
216
216
217
216
216
216
216
216
216
216
216
217
217
216
217
217
217
217
216
217
217
217
217
216
217
217
217
218
217
218
218
219
220
219
219
219
221
220
220
220
220
221
221
220
220
220
221
219
220
220
220
220
220
220
220
220
220
220
220
220
220
219
220
220
220
220
219
219
220
219
219
220
219
218
219
219
218
218
219
219
219
220
219
219
219
219
219
219
219
219
219
219
219
219
219
220
220
219
220
220
220
220
219
219
220
220
220
220
219
219
220
220
220
220
220
220
220
220
219
220
220
220
220
219
219
220
220
220
220
220
220
220
220
219
220
220
220
220
219
220
220
220
219
219
219
220
219
219
219
219
220
220
219
219
220
220
220
219
219
219
219
220
219
219
219
219
220
219
219
219
220
220
219
219
219
220
219
219
220
220
220
220
220
220
220
220
220
219
219
220
220
220
219
219
220
220
220
219
219
219
219
220
219
219
220
220
220
219
219
220
220
220
218
219
219
219
220
219
219
220
220
220
219
219
219
220
220
220
220
220
221
221
220
220
221
221
221
220
221
221
221
222
221
221
222
223
223
222
223
223
223
224
223
223
223
223
224
223
223
223
223
224
223
223
224
224
224
224
224
225
226
227
226
227
227
227
227
226
226
227
227
227
227
227
228
228
228
227
228
227
228
228
228
228
229
228
228
228
229
228
229
229
228
229
228
229
228
228
227
229
228
227
228
227
228
229
229
229
229
228
228
229
229
229
228
228
228
229
229
227
228
228
228
228
228
229
228
228
229
228
228
229
229
228
228
228
227
228
228
228
227
227
227
228
227
227
228
226
226
240
255
256
268
269
269
269
268
267
267
280
280
281
280
280
280
280
281
280
280
280
280
279
279
279
280
280
279
279
279
280
280
279
279
279
279
280
279
279
279
5493