39
64
90
115
140
166
190
216
242
268
294
318
344
371
397
421
447
472
498
523
548
573
599
639
664
690
716
740
766
791
818
842
867
893
919
944
969
1008
1033
1059
1084
1109
1136
1162
1186
1226
1252
1277
1303
1327
1353
1379
1405
1429
1455
1482
1508
1534
1559
1585
1610
1636
1661
1687
1712
1738
1763
1788
1814
1839
1865
1890
1915
1941
1967
1992
2018
2044
2069
2094
2120
2146
2171
2196
2222
2248
2274
2299
2325
2347
2376
2401
2427
2453
2479
2503
2526
2554
2580
2606
2631
2656
2682
2706
2733
2758
2784
2810
2837
2863
2887
2913
2939
2965
2990
3015
3041
3067
3093
3118
3144
3170
3195
3220
3246
3271
3297
3321
3347
3373
3398
3424
3448
3474
3501
3526
3552
3577
3603
3636
3663
3689
3715
3741
3766
3792
3817
3843
3868
3894
3920
3946
3971
3997
4022
4050
4075
4101
4127
4155
4180
4206
4231
4257
4282
4308
4336
4362
4387
4412
4438
4464
4489
4515
4540
4562
4591
4617
4643
4668
4693
4731
4685
4710
4736
4720
4685
4724
4749
4733
4728
4693
4718
4744
4903
4713
4759
4753
4727
4753
4789
5389
4748
4774
4739
4764
4790
4734
4759
5020
4758
4804
4809
4732
5783
5419
5464
4995
5777
4775
4801
5854
6001
4810
5020
5458
4999
5785
4845
4992
5829
5032
5798
5844
4848
4904
5814
5016
5554
4829
5493
6504
5822
6812
6837
5470
4846
4851
5844
5499
5576
5848
4901
6858
5825
5069
5114
6529
4838
5069
5472
5860
4899
6065
5874
5550
4840
5070
6863
5490
5536
4864
5547
6825
5087
5839
8074
8069
5845
7903
5505
5490
7888
5859
6851
5890
5915
8078
6080
8314
6519
6874
6120
7378
8113
5849
8063
8345
8893
6874
6531
8724
8290
7882
8768
8306
8073
7377
6883
8749
9358
6498
9590
8903
7365
6592
8045
8050
6853
8729
8117
7900
7926
8323
8884
8096
8297
8857
9571
8672
8264
8876
7506
8712
8347
8834
8686
8732
8860
7848
7872
8305
8762
8120
7886
8915
7926
8116
8059
8381
7946
8791
8919
8976
9692
8985
8182
11379
8990
9674
9699
9035
8454
8893
8815
8861
9234
9209
9049
9372
8987
8829
8874
8879
11532
9751
9069
9021
9213
11064
12352
11711
9856
11679
11768
12550
12596
11133
11827
11132
12469
12514
12571
12616
12580
12451
11513
12668
12710
12810
12528
12554
11921
12341
13287
13313
12672
12308
12580
13488
11222
12722
12808
12884
12930
12277
12322
12450
14775
13937
13962
13226
14393
14440
14732
13889
15814
14224
14253
14616
14662
14008
15042
15109
14166
14231
14257
13718
14081
14394
14593
14639
14686
14331
14541
14700
14376
14483
14653
14698
14663
14718
15070
15098
14579
17059
17147
14409
14742
15148
14437
14482
14641
14728
14486
17059
14499
14544
14632
14679
15041
15067
14564
14592
15964
15097
14981
16936
16963
15486
17373
18002
16857
16872
15233
17095
17123
17148
17173
17198
17224
17249
15364
16450
16478
16503
17105
16304
18336
16028
20759