78
143
208
270
334
397
461
524
588
652
716
779
843
907
970
1032
1096
1160
1223
1286
1350
1414
1476
1540
1603
1667
1730
1794
1857
1921
1985
2048
2111
2175
2239
2302
2366
2429
2493
2556
2620
2683
2747
2810
2874
2938
3003
3066
3127
3192
3256
3319
3382
3446
3510
3573
3636
3700
3764
3828
3892
3955
4019
4083
4153
4216
4280
4344
4408
4486
4550
4614
4678
4742
4805
4869
4932
4995
5059
5122
5186
5249
5312
5376
5439
5502
5564
5627
5690
5768
5832
5895
5959
6023
6086
6150
6212
6276
6339
6403
6466
6529
6593
6656
6719
6783
6847
6910
6973
7036
7100
7162
7223
7284
7348
7411
7472
7534
7596
7659
7721
7784
7847
7457
7917
7979
8041
8103
8163
8228
8292
7374
7606
8354
8418
8481
8544
7499
8604
8669
8732
8795
8872
8935
8997
9061
9125
9186
9249
9313
9375
9438
9501
9565
9607
9660
9610
9652
9829
9681
9846
9621
9664
9839
9615
10437
9842
9824
9671
9887
10422
10629
9985
9618
10345
9608
10666
10267
11293
10893
10260
10342
10641
11288
10232
9659
10266
10247
9652
10257
9590
9806
11624
10815
10253
9648
10808
9651
11622
9582
10823
11615
9574
10220
11134
10223
12785
11271
13425
12749
11262
12351
12772
11233
11264
13010
13692
13681
11224
11256
11216
13498
11574
13413
13433
13568
13610
13527
11219
11517
11211
13672
14687
14696
14247
12062
13170
12575
12053
12730
12003
12536
12968
13501
12529
13390
12562
12859
13395
13714
12496
13943
15974
13525
13526
13547
13509
14535
16290
13532
13749
13555
14693
14723
14713
13525
13547
13755
13400
13535
14244
13543
14528
13626
14292
17175
14721
14711
15327
15318
17259
15579
16719
16802
14743
14701
14692
14620
14569
14260
15549
17002
16928
14594
14584
16111
14573
14564
15497
15559
16832
15910
17614
17103
17095
16513
17756
16835
15964
17722
17189
17147
15601
15602
16945
16915
16860
17500
16988
17727
15955
18212
18296
17106
17609
16717
16780
16842
16975
17231
17100
19521
19635
19737
16959
17041
17186
17360
20232
19618
19702
17455
17642
17705
20146
20208
19540
19623
19419
19481
19439
19501
20220
19573
19677
19555
19350
19976
20038
20048
19413
19496
19108
19200
19487
19550
19613
22248
22331
22464
22721
22782
21706
22098
22180
22274
22950
23011
23073
23053
23115
23925
23935
23219
23281
22696
23794
24215
24277
24295
24359
24421
24474
24535
24598
24660
24723
24784
24847
23431
23524
23751
23812
23864
23177
24081
24142
23106
24984
25067
25150
23642
25172
25204
23624
29240
29324
29683
30147
29850
29910
30269
29390
30468
30550
30346
30222
29915
30357
30299
30381
29347
29409
30291
29513
29615
29647
31125
29464
29455
29538
29622
29735
29716
29737
29964
29943
29934
30017
31985
32047
32109
32172
31792
31854
31916
31977
32041
32094
32147
32178
32240
32723
32709
32766
33302
33384
32439
33631
33724
33786
32851
34042
33642
32720
33921
34004
34946
35059
35141
35235
35317
35399
35523
35606
35690
35772
35047
34904
33713
33795
33919
34003
34084
34179
34261
34343
34477
34560
34639
38605