41
37
38
37
37
49
43
47
43
40
54
42
38
47
44
37
48
43
45
45
43
39
44
40
37
49
44
43
36
44
45
40
50
42
45
56
48
38
43
53
44
47
42
48
38
43
41
44
37
38
41
39
44
38
41
50
41
47
49
45
52
44
50
41
46
39
50
52
44
37
48
49
39
54
49
44
62
51
47
40
56
48
47
63
56
45
46
59
50
42
45
55
36
48
43
53
47
49
44
49
45
46
42
45
43
41
41
41
38
49
41
37
42
50
47
37
37
46
46
38
53
47
45
49
49
44
44
45
46
43
44
39
42
41
44
50
39
51
44
45
57
51
43
41
53
48
42
60
51
46
41
56
52
45
40
51
47
43
48
62
43
40
56
38
51
55
51
46
41
54
45
42
41
40
51
39
47
60
39
63
55
49
40
58
49
46
55
68
48
44
61
44
56
44
57
50
45
43
53
45
43
42
50
40
41
42
45
47
39
41
40
43
49
41
49
41
46
43
44
44
39
75
62
51
56
52
52
45
51
50
40
52
48
47
46
40
43
46
41
42
38
44
37
41
51
44
46
42
47
43
42
42
58
48
38
41
54
47
48
41
48
44
44
40
43
43
40
40
54
40
58
48
47
39
53
54
49
39
48
49
48
45
56
46
47
51
45
41
48
46
42
55
48
42
40
53
48
39
50
61
47
67
57
51
44
62
53
48
46
57
48
45
46
51
44
44
45
47
39
42
43
43
49
39
42
38
45
36
41
51
42
37
41
47
37
47
41
43
52
42
41
38
50
39
48
38
45
52
44
41
40
48
40
49
47
42
55
49
43
38
50
48
38
48
46
47
37
42
43
46
37
37
38
46
37
44
37
44
50
40
49
44
47
46
43
42
42
42
38
42
38
38
48
42
44
37
42
41
40
48
40
50
47
44
56
49
42
40
51
48
38
58
50
47
64
56
46
46
60
52
42
46
56
48
36
45
53
44
36
44
49
41
49
45
45
55
47
42
41
49
41
42
53
48
37
41
48
43
37
41
43
39
48
41
38
53
46
42
59
51
42
41
56
47
45
50
51
41
42
53
37
48
37
52
44
43
37
38
52
40
54
47
41
60
52
43
57
48
72
38
62
54
46
60
53
42
74
66
57
49
5158