75
76
76
80
108
110
110
118
140
145
143
160
175
182
178
197
208
221
211
235
255
245
259
273
289
288
286
311
324
320
323
349
357
353
362
386
392
386
399
424
425
418
435
459
450
475
474
504
493
491
511
527
537
527
551
570
570
565
589
603
604
603
626
635
640
641
663
667
673
680
700
701
708
717
737
734
740
755
773
765
773
794
798
812
806
834
841
839
840
871
873
877
874
911
907
914
908
949
940
938
952
972
987
985
994
1015
1014
1019
1031
1048
1052
1053
1069
1083
1089
1087
1107
1117
1126
1120
1143
1151
1164
1155
1182
1183
1189
1202
1218
1217
1234
1229
1255
1251
1269
1266
1294
1284
1302
1304
1318
1331
1336
1341
1361
1358
1370
1379
1395
1395
1403
1418
1453
1436
1447
1457
1486
1480
1474
1495
1521
1517
1511
1533
1554
1551
1547
1570
1587
1585
1583
1607
1621
1620
1619
1644
1654
1654
1655
1681
1687
1687
1692
1718
1720
1721
1728
1755
1753
1754
1765
1791
1786
1788
1801
1828
1819
1821
1838
1852
1866
1856
1875
1896
1893
1888
1913
1929
1929
1921
1949
1972
1954
1967
1985
2006
1998
1994
2017
2039
2033
2031
2049
2074
2067
2068
2082
2107
2100
2105
2117
2141
2133
2141
2151
2174
2180
2179
2185
2207
2213
2216
2217
2241
2247
2252
2250
2286
2294
2287
2295
2321
2327
2337
2328
2354
2359
2364
2376
2400
2393
2409
2417
2434
2425
2439
2455
2467
2458
2475
2492
2500
2491
2507
2528
2533
2524
2538
2565
2555
2546
2521
2551
2547
2538
2512
2547
2540
2520
2535
2573
2554
2557
2505
2536
2549
2528
2527
2569
2555
2530
2529
2550
2583
2769
2510
2552
2515
2561
2513
2544
2552
2518
2532
2546
2556
2521
2525
2548
2551
2545
2543
2580
2585
2517
2529
2542
2771
2510
2525
2533
2539
2533
2552
3570
2789
2514
2610
2545
2770
2496
2523
2517
2533
3146
3534
2541
3790
3518
2539
2536
2530
2524
2539
3570
2563
2505
2573
3792
3583
3157
3541
3583
2558
3753
2535
2541
3579
2503
2526
3575
3233
3739
2518
2543
2577
2489
3527
2762
3578
4190
2524
3557
3758
2498
2507
3549
2531
3505
3538
3520
3544
2492
2555
2517
2523
3489
3524
3514
3490
3543
3528
3568
4182
3531
3522
3509
3535
3174
4186
4530
3159
3529
3540
5065
4189
3544
3556
3875
3718
3761
3532
3559
4029
3531
3736
3563
3980
3514
3543
3559
3479
3528
3556
4543
3507
3553
3557
4064
3479
3516
3540
3568
3522
3570
3538
3523
3524
4199
4198
3549
4172
4181
5558
5762
5755
3746
5744
5734
3778
4188
5551
5565
5538
5959
5933
5510
4486
5666
4129
4156
5520
4088
6224
5412
5426
4050
5293
5256
5284
5213
6335
5241
5268
5259
5253
4963
4992
4982
4837
4812
4831
4842
4760
4722
4751
4712
4705
4656
7263
10504